5281420 7.615 24.816 15.528
6318373 25.404 31.895 12.621
6542208 3.456 19.985 11.010
1235549 25.757 32.739 20.993
5672329 32.535 26.489 11.559
5661586 24.815 26.744 26.845
4061271 28.382 6.884 22.984
2851149 11.050 25.699 23.671
6901351 28.527 10.698 25.269
7558848 28.209 26.235 8.984
5071392 9.574 21.741 22.806
7525652 5.035 33.256 4.822
1438879 6.679 1.522 26.126
8554749 1.164 15.610 32.507
8569022 4.046 22.402 25.511
7808131 5.359 2.332 11.522
2240006 10.634 6.705 6.961
9821026 31.047 15.755 23.643
8395004 26.873 24.214 14.541
6401962 19.103 13.531 30.251
4043124 6.546 4.956 24.474
2807201 11.027 25.437 15.144
7242385 13.901 18.058 29.219
8215908 8.229 24.104 2.857
1842677 24.154 25.219 6.186
8526238 17.907 15.215 19.383
6304092 10.850 29.194 25.834
4353841 32.189 26.416 23.857
5136975 32.584 3.748 13.457
5158516 16.224 17.726 4.125
4716819 5.883 8.540 16.066
3057636 21.819 18.453 14.026
9453325 19.800 4.640 19.305
4435398 10.058 33.059 30.398
7325161 23.055 21.412 8.150
6884775 4.626 19.462 28.728
1656264 24.561 21.861 19.184
8394551 6.622 22.719 24.914
5825296 1.671 12.780 7.291
8302195 0.809 32.283 3.129
7482790 27.201 23.767 27.681
6994555 25.439 23.843 31.395
5297393 3.123 26.696 20.583
6268540 2.630 18.059 22.794
9468989 29.047 3.035 8.223
7216533 32.653 29.989 20.206
8829206 27.248 1.524 17.333
3288618 16.161 2.432 11.675
4968830 28.251 14.002 26.393
9606153 18.475 10.888 3.816
1759354 29.109 26.784 22.250
1600357 31.298 20.473 12.864
4370038 2.152 12.413 21.464
4676155 18.369 26.695 12.220
7483869 32.513 25.307 6.449
5431474 17.162 3.846 28.964
7414487 0.421 22.483 17.849
7412867 2.644 33.030 7.185
5959701 29.583 16.306 7.210
8028576 21.056 17.327 10.210
3500183 14.538 9.568 9.674
7880548 10.474 18.039 13.583
1993806 31.539 6.105 16.846
8692428 14.791 17.013 14.985
5080274 26.173 28.113 0.261
4751147 13.389 13.108 2.049
5954507 4.584 11.742 21.195
5901811 27.619 16.790 31.660
7713897 21.251 6.593 0.435
4082750 11.150 16.725 1.608
7509815 23.671 3.515 22.914
5751931 6.143 16.368 27.680
9086645 12.637 24.319 21.205
4445035 6.395 8.162 15.876
5310401 24.326 1.816 0.340
3310432 32.394 0.189 19.668
4913518 19.912 0.816 8.788
3454355 12.910 8.272 6.638
5136334 23.300 18.116 21.632
7351983 29.305 24.697 10.876
6816782 19.179 23.868 6.797
3078243 9.856 27.358 5.141
9035009 13.096 33.117 7.783
3192840 4.254 30.651 30.523
7402772 21.460 1.339 18.175
9417990 28.324 4.932 13.276
2703640 20.114 23.056 8.780
1432538 17.335 7.766 5.432
9587969 2.165 23.142 17.321
9701792 13.764 14.236 13.327
7062470 2.238 28.206 4.915
6311692 20.430 30.605 11.057
8368937 18.701 10.698 23.765
3150253 28.737 12.239 1.309
2906050 26.798 12.659 11.389
2533841 31.406 3.313 17.403
5871352 19.463 18.177 14.273
5842080 2.346 19.324 28.273
7786701 3.453 19.521 9.266
3631052 8.008 33.241 1.136
9199522 25.254 18.277 30.046
5512457 28.375 14.114 10.446
8241391 29.350 0.086 4.930
6859055 18.751 21.238 30.614
6999577 26.719 4.759 17.326
8878657 4.119 3.350 18.035
7308149 9.069 32.277 26.634
5555688 4.243 8.106 4.700
4002318 16.488 17.355 33.015
5938295 6.638 3.509 8.048
7433352 12.482 20.118 28.491
6426717 1.155 4.275 14.545
9183024 31.706 12.445 20.610
5498832 27.024 17.219 0.324
3053571 0.143 33.163 26.986
9950980 10.693 2.681 32.033
3524429 13.828 12.788 30.674
2374513 18.210 4.875 7.055
2855868 15.650 29.166 0.925
5753811 11.924 27.446 7.343
6603636 13.425 13.917 10.203
9391702 30.390 28.578 11.296
3265470 25.765 10.232 4.494
6609904 31.813 23.933 10.826
1391619 9.819 29.058 18.720
1645684 30.445 8.914 6.379
7187772 31.662 9.945 4.035
4665380 5.694 15.889 20.583
5335662 12.758 26.032 22.453
4774353 23.239 1.819 2.727
7498157 33.276 6.842 27.621
7115331 28.798 19.497 0.565
8181961 17.710 3.508 28.278
8100033 32.672 15.223 17.866
8528359 32.940 17.172 20.622
5022585 8.774 22.256 24.244
9921793 19.940 7.459 8.919
3761483 16.403 28.739 29.582
1129179 31.972 4.674 29.778
9947355 17.621 14.208 29.662
9658556 26.029 25.624 4.106
6226321 2.959 5.343 19.051
5824798 25.388 19.107 30.137
7582396 12.960 29.308 17.497
1493148 19.412 6.570 30.939
7967978 10.679 15.293 16.247
5327116 11.077 17.303 0.671
7401582 25.712 4.834 15.574
4104870 5.266 27.762 16.050
4883793 3.255 6.848 21.265
3258290 30.365 23.471 12.523
6368183 25.662 7.835 20.014
3392078 7.740 26.146 4.824
1007857 23.842 13.592 25.765
6953949 19.754 2.336 28.366
3498540 27.282 11.320 28.794
8923610 28.319 21.952 17.162
5642810 19.460 5.908 24.675
6819102 10.960 30.104 19.059
3165632 18.964 8.666 26.863
6409282 19.876 31.643 3.562
1396561 32.727 4.216 24.867
9901583 30.870 3.408 14.995
7883247 29.489 1.242 29.469
5924322 20.089 11.674 31.947
1861213 6.999 9.617 32.066
2227687 29.578 20.791 12.638
5076827 9.049 14.160 8.501
5416110 31.188 29.805 0.055
8958895 12.073 1.368 14.351
7492533 28.109 24.434 14.230
3937162 4.518 18.462 3.500
9041234 28.303 11.768 10.599
3026591 27.551 13.289 24.766
5856320 23.614 17.466 7.371
5080929 27.794 27.744 2.549
7999849 3.697 0.584 7.668
6268199 5.058 15.224 30.265
8016239 8.376 26.141 21.173
5530644 1.332 26.672 20.042
3307046 30.472 27.358 13.643
4388496 5.405 15.400 17.625
4305032 22.771 6.167 14.916
1938545 9.088 23.066 17.845
7290630 17.828 12.972 24.413
8477330 13.708 6.116 0.075
5636141 3.630 15.538 17.932
9346200 10.777 12.679 0.946
3088810 32.118 21.214 6.667
1023228 18.980 5.651 23.007
9730893 11.735 3.441 20.166
4002178 4.438 25.952 13.758
3230415 28.964 13.018 12.815
5218466 25.993 8.190 26.359
4216590 10.824 3.274 9.145
2905651 2.532 13.155 18.747
2920774 4.385 19.227 26.698
9030363 5.392 26.819 17.747
7720450 5.154 12.581 4.049
4941148 31.100 15.147 16.824
1065540 5.583 2.318 5.510
2982321 22.915 26.881 15.749
5835100 12.335 12.091 30.394
5933586 21.792 18.920 10.633
8224883 17.198 20.193 5.423
2653704 10.175 5.636 9.960
7062468 25.765 4.664 15.447
9414108 32.188 23.845 32.890
8010125 12.364 3.556 19.764
8265898 21.184 4.242 20.533
7689593 18.156 14.246 28.456
6559972 11.196 16.960 29.663
3701765 13.966 22.801 8.792
5688981 26.987 7.330 17.174
7172809 8.367 18.349 26.424
5351317 24.433 17.444 4.521
2954268 26.802 23.435 22.112
1107652 22.063 30.439 0.215
4439637 25.215 18.038 16.360
9721490 5.856 12.166 6.461
1963622 19.404 8.140 16.244
7204782 14.962 10.090 0.945
5670267 4.697 14.370 9.247
7316846 28.464 10.246 26.334
7615344 12.839 29.936 19.063
7077599 5.546 10.586 18.834
1193359 30.851 31.900 32.762
4380756 33.190 27.673 2.913
1640545 1.578 23.109 17.471
5753911 32.596 4.183 32.305
1479410 12.379 24.731 3.460
2577699 4.225 10.814 17.539
4494265 20.619 24.193 22.919
9434909 26.030 13.949 16.545
7685527 4.420 4.028 3.756
8617516 21.006 7.094 14.880
5000681 20.598 20.679 19.609
5183537 14.338 25.883 33.123
5720097 13.574 9.066 19.303
7285303 12.167 8.968 13.140
1969961 20.442 26.495 2.915
2225645 4.362 3.564 14.295
5141658 14.938 2.643 26.648
1048092 8.657 19.232 23.841
2005371 31.765 29.910 4.450
5343177 1.014 27.705 22.062
5277739 20.822 19.726 31.569
2124224 18.999 11.362 1.798
3140796 0.227 0.171 27.501
1984084 26.408 4.266 31.353
5712898 10.800 28.077 18.388
2834315 6.836 26.599 8.295
1328964 27.736 27.292 1.190
4772802 20.055 0.437 16.737
9464889 27.530 1.621 9.563
2567479 1.415 6.124 10.675
1737195 21.416 8.018 11.599
6148927 21.208 20.147 32.980
7747353 17.956 25.445 8.065
3988537 13.627 5.696 25.462
7330352 10.211 20.599 9.182
4295734 33.286 17.491 10.847
6354478 19.120 31.965 11.039
6864174 16.244 18.351 30.789
9933579 9.559 12.176 15.073
8882289 33.258 20.146 4.187
7565766 12.561 3.655 3.092
2004449 2.609 28.294 22.090
6981995 2.334 8.360 4.417
8412237 16.355 29.098 14.421
5130088 11.946 7.820 8.813
8953058 14.417 5.653 25.882
8768116 11.894 32.839 32.718
6464066 9.154 15.680 31.196
1050906 19.958 17.679 20.643
9371752 30.059 25.207 22.544
6451615 31.627 22.161 5.212
9466296 19.907 16.176 20.084
1544774 8.320 25.097 10.481
1271521 10.998 22.037 10.301
9921586 3.957 10.562 3.437
4301198 24.505 7.973 5.445
1017596 16.544 11.224 25.452
4180668 2.434 16.769 22.457
2216260 10.788 16.398 7.031
6095662 18.813 26.016 29.998
5185537 9.649 29.628 6.569
7080320 5.729 29.356 21.307
5433364 4.141 2.391 1.394
1181825 7.080 14.845 1.960
5092113 22.240 10.146 5.373
2837720 32.893 7.368 18.611
5092304 4.751 14.684 26.223
1929091 24.191 28.558 32.667
7548123 1.268 11.779 7.612
9787286 11.652 18.017 0.935
8404269 13.072 27.608 17.891
3188432 17.457 9.584 24.358
7488868 11.205 16.431 10.491
5029864 21.158 27.940 26.039
4177768 14.421 15.925 31.059
8439853 5.850 9.302 17.954
6030543 4.880 9.306 24.969
7429468 20.056 22.628 23.213
3747494 21.303 13.212 4.967
8829636 18.665 16.418 7.322
8116936 12.169 22.582 12.194
4672358 11.564 14.283 27.899
5894188 23.123 19.797 6.312
7331999 1.546 6.732 15.863
5957515 24.664 21.354 8.694
1369492 4.023 4.017 31.957
1187157 6.228 10.747 4.473
8637767 3.291 1.224 22.059
2169310 20.927 24.532 0.556
8431124 19.992 19.343 31.698
4676021 25.153 16.634 21.299
8246461 4.242 24.763 18.875
9625868 26.328 7.222 15.256
6457098 26.936 15.659 10.273
1169356 14.550 21.055 4.407
8387415 2.041 25.562 29.803
7245105 25.510 15.951 26.952
1904968 16.167 28.720 14.530
3082365 14.701 5.597 26.687
2128932 26.977 20.732 6.276
4988203 3.590 9.011 9.075
2029693 12.162 21.242 2.512
6222936 15.191 32.650 27.791
7971356 23.294 17.963 25.708
7969515 6.425 24.979 10.866
7001552 10.464 30.475 26.186
5543935 4.323 23.333 12.365
2601311 12.195 17.797 19.127
9169220 28.716 4.179 32.824
4641669 26.128 7.633 11.538
2312868 7.474 9.091 24.385
4842349 6.071 1.378 26.160
1987375 10.511 20.212 26.719
5218399 5.609 31.874 30.036
2564717 3.281 4.966 30.087
6152626 32.717 32.327 33.135
3797951 24.285 23.676 23.041
6946858 16.127 33.191 19.003
8143101 14.245 31.343 30.493
1930869 19.515 30.094 0.712
5133998 2.535 8.117 19.355
1988876 0.776 5.280 22.853
7787783 31.400 25.040 29.240
9416271 31.350 7.143 13.179
4707602 27.501 1.090 13.626
7738410 16.430 25.058 2.133
5614571 10.245 13.374 6.119
5490365 13.699 27.904 32.611
4131180 16.734 2.253 31.516
1181729 30.643 26.538 15.110
7569055 21.748 10.304 18.641
3058224 19.932 31.292 33.056
6835400 21.413 26.507 13.856
9079411 26.265 10.710 20.703
8101102 25.185 7.908 14.888
8528822 14.768 29.673 31.412
8634554 28.741 1.543 26.294
2092683 25.921 14.895 14.318
3666607 28.245 21.207 12.913
1001619 31.853 3.037 7.364
5804140 18.055 22.135 16.501
2320567 30.474 23.077 26.025
6255008 16.232 19.533 4.471
4567969 11.572 13.045 19.219
8191365 20.104 30.237 24.088
5813999 28.619 22.265 25.081
1991510 5.199 3.446 11.837
8320907 14.975 12.431 9.747
2445640 3.884 18.441 20.095
6832874 29.126 30.520 1.843
5676296 24.647 24.831 10.667
6388009 13.258 31.807 30.037
4664854 7.369 20.019 9.992
1365818 19.833 7.861 29.579
4009601 9.502 15.422 12.026
4196342 6.726 1.980 32.561
5657369 0.784 19.135 22.734
7344904 8.406 1.988 30.646
2585821 4.537 15.560 13.751
9076888 5.121 8.153 25.383
1188834 29.120 8.521 17.460
5076257 30.316 21.916 3.228
2862577 21.342 22.733 24.129
6938213 29.968 17.626 22.620
4434718 1.551 12.841 4.493
7620746 10.141 33.185 14.776
2412979 24.274 20.950 20.647
7656548 21.620 17.796 16.282
8223903 31.656 23.855 4.406
1355654 6.862 4.144 12.552
3600579 28.368 32.752 0.158
1346075 1.807 8.429 12.300
3883653 32.472 28.020 30.823
6086024 15.696 22.214 6.691
6300784 23.371 23.432 22.954
4346024 3.993 1.448 25.744
3646427 7.272 32.873 11.337
3902998 18.328 5.608 0.499
6431680 26.443 4.901 13.110
5171558 26.414 15.030 29.229
3407390 9.200 31.087 25.031
8243210 23.084 26.562 10.026
3316817 18.015 3.085 25.591
6101675 13.340 32.833 4.055
6473174 12.313 9.883 19.031
7613582 2.950 11.496 3.550
5165395 28.167 9.444 25.696
5170054 10.732 14.607 9.577
8527913 32.009 26.008 24.014
2935531 1.101 14.782 12.080
5363541 1.263 19.664 25.583
8973836 28.523 22.772 32.004
1160936 1.465 24.665 29.100
8111691 25.275 8.340 5.284
2424252 28.156 30.670 21.818
3836445 25.427 21.126 20.238
5776419 4.929 3.198 12.417
3457284 14.156 13.327 24.473
9643945 5.471 23.973 12.368
5155370 18.328 9.300 17.702
8238789 17.308 33.193 9.827
7984476 17.162 6.767 24.648
9819123 18.731 12.077 14.103
1199254 3.298 20.534 3.543
3067113 13.460 0.684 25.972
3819401 19.265 29.636 9.021
4611776 16.328 0.886 28.403
5480026 9.237 3.265 13.879
6320562 8.104 32.885 1.530
2133094 10.174 17.909 16.203
2827354 31.404 7.618 32.629
7981364 3.194 21.873 6.168
2867159 21.758 29.512 29.867
3423495 33.011 20.201 21.079
3323835 6.570 4.154 8.716
1824536 18.776 8.173 10.427
6166163 4.748 0.126 22.753
8237869 22.811 10.812 31.687
7213903 29.068 19.465 23.561
7263827 11.344 20.730 21.377
6321769 30.483 17.032 28.887
9157175 27.661 0.948 27.540
7304759 27.446 7.788 6.647
5782214 26.864 18.043 17.008
1142345 27.875 15.342 17.366
5630826 27.743 1.047 21.563
5580249 27.013 10.422 3.944
8356040 28.864 7.733 26.283
6134956 5.895 20.981 14.343
5606376 7.518 5.086 23.763
5134682 15.414 15.163 7.670
7299851 30.078 16.168 29.970
1798751 5.184 20.533 23.456
1721673 3.745 1.136 9.637
8413041 23.078 29.575 8.002
6945386 1.534 20.549 3.376
6292162 10.943 28.037 32.026
9796403 29.562 21.648 12.940
5133290 14.429 24.038 32.992
7640835 1.062 22.668 26.274
5302748 4.912 21.220 17.224
7399112 28.102 7.679 7.020
8004283 10.196 13.094 7.500
1393935 24.980 19.715 16.382
9299068 19.926 27.874 23.043
6226617 1.375 8.671 10.458
2759974 3.542 32.642 14.599
2784497 16.779 32.193 12.719
6230416 28.873 13.352 22.085
3987384 7.564 32.108 29.860
3522461 15.105 16.533 6.690
1814437 20.440 1.760 9.001
5663872 25.328 13.886 12.013
2897011 0.971 10.626 2.695
6883049 22.236 23.773 23.866
7798902 19.943 12.247 27.470
4373926 19.267 28.227 31.275
3218353 20.388 22.939 22.490
8504864 21.765 26.932 1.925
8082282 6.615 5.867 15.734
3245293 24.948 7.628 31.837
9918756 33.291 20.052 22.365
1750196 16.080 11.531 1.956
9254532 8.118 31.158 21.629
2559645 24.413 29.476 3.494
8619674 6.358 32.701 31.188
2781303 32.881 27.133 28.414
9470121 0.190 7.530 9.241
4780808 1.568 16.528 4.870
3493540 10.603 24.392 32.855
8902855 23.209 32.406 28.813
8685153 29.408 18.159 15.442
1337882 29.189 23.589 14.335
4321242 20.905 26.885 20.099
1111898 1.048 26.011 2.720
2900463 26.406 9.361 5.482
9214126 25.110 26.631 23.438
1145857 3.489 23.870 23.352
6396749 28.326 31.256 12.721
7094697 26.665 20.207 3.202
6111522 7.524 33.296 5.316
9160645 18.578 27.860 2.254
9649239 0.963 11.711 26.883
2904936 8.111 3.569 0.549
7789091 16.335 8.831 24.979
2532266 17.857 23.817 13.326
6715159 10.511 11.374 11.847
2187897 20.313 14.362 32.051
7965480 17.886 32.060 6.496
4498834 11.398 16.573 21.161
7202023 13.214 8.658 6.875
1638453 7.842 10.446 18.342
7106881 30.784 30.970 5.592
6988009 18.438 14.810 23.114
3223576 7.141 15.822 18.087
8531652 32.179 33.119 22.730
5757329 29.866 29.949 2.449
3925190 26.641 2.887 6.137
6137323 23.820 17.389 31.158
3798860 17.114 31.094 2.745
9213023 9.965 5.741 17.158
3563908 6.551 5.433 24.244
5375679 13.060 14.092 9.815
6801369 1.620 14.324 11.280
9092854 7.121 11.152 4.220
2187492 19.131 31.299 8.118
7299678 13.856 12.798 16.262
6525152 14.654 26.567 6.407
4487217 30.654 14.859 3.945
9560937 16.626 8.291 24.245
8272444 7.057 14.974 7.370
3904344 8.710 25.206 16.280
1294110 19.065 22.605 24.709
2465632 13.723 25.333 19.926
2227418 12.570 16.306 3.513
5628888 26.725 9.619 9.421
4628223 29.790 11.407 24.969
7846866 14.600 0.562 15.692
1339921 11.011 10.358 15.038
1386065 32.948 17.066 29.504
7458950 28.802 11.824 9.724
4216056 18.522 16.133 32.492
8085495 28.539 9.025 22.531
7612563 21.419 14.220 3.116
2476527 11.663 30.646 14.539
3196854 13.820 30.646 13.328
1801939 26.521 3.720 0.058
5480593 17.532 32.367 18.682
7953548 10.453 32.458 14.389
9014400 29.651 17.402 14.814
4192022 15.337 2.749 24.689
8517948 6.859 14.638 4.317
2593764 24.877 18.262 12.956
9881148 10.714 10.733 30.603
9546451 18.457 25.601 1.426
6043680 33.004 27.394 5.652
9139506 25.521 9.161 27.784
3288238 31.985 24.498 32.505
9572553 19.000 4.382 10.952
9214295 25.641 7.863 10.088
6661910 10.524 29.080 24.739
3445997 13.782 7.687 21.684
9108389 8.514 8.362 21.219
9753300 25.106 27.894 24.104
4346354 24.325 23.383 30.837
2243952 2.926 7.333 5.296
9752237 29.941 7.765 21.059
2139690 22.722 5.103 6.167
7874686 3.547 23.495 0.807
1059526 3.605 16.056 19.592
8746789 27.759 23.001 11.779
5591394 8.770 12.633 15.312
5972748 3.602 0.492 11.313
6471900 1.755 16.914 26.819
9182623 13.895 7.424 21.435
4695463 31.895 31.860 28.024
9496051 2.568 27.172 13.050
9492475 4.922 7.896 7.339
9862630 27.213 4.371 27.585
1475344 13.198 14.672 6.206
9293135 5.226 15.204 17.205
2578024 26.022 23.287 0.703
8268910 7.153 8.183 16.040
9295610 27.393 31.544 27.110
3428116 3.609 8.515 31.950
5220633 21.352 5.980 7.104
9926825 12.641 2.001 13.983
4699488 20.755 14.362 26.400
4288050 22.487 7.826 17.312
4531850 6.691 11.123 2.624
4856202 15.467 21.209 3.656
9917563 14.264 3.517 2.750
3143471 23.145 21.296 8.074
9170512 12.649 1.214 27.372
8623948 6.183 5.753 4.380
2548081 17.757 7.593 12.603
5360562 31.789 13.602 11.380
3348621 28.428 27.197 11.807
4251175 0.120 18.278 23.377
6928734 9.628 23.062 10.834
9357906 28.304 6.504 28.718
1101750 10.988 16.984 7.095
8491040 9.707 1.469 10.350
8641881 9.002 22.091 21.592
3256906 7.786 18.859 5.174
8797679 13.676 14.703 7.679
7488039 13.162 24.358 32.697
1613460 29.828 17.622 25.874
8671748 21.134 1.396 8.239
8497183 33.124 31.459 5.186
5080030 23.200 21.073 12.511
1149086 21.400 33.113 6.195
7312845 29.640 2.885 13.283
7699432 3.127 4.382 30.499
8951757 31.483 26.361 18.030
6840447 2.844 12.464 30.751
8020450 31.824 31.264 19.023
1750059 32.159 15.809 29.456
9477211 26.364 27.391 2.490
9309948 4.919 11.471 2.144
4190315 4.738 12.208 32.054
8033450 28.655 15.565 5.050
6250856 4.859 18.195 25.705
5879795 24.110 9.525 20.811
9438384 1.200 18.413 10.459
4313263 24.620 27.630 5.521
9171271 4.478 29.897 30.425
9052171 3.858 28.688 7.732
6673461 16.122 0.005 17.473
7512573 19.400 21.113 6.306
4426592 3.706 13.286 16.423
5651964 14.779 3.651 7.579
8964229 5.306 30.863 29.092
9491304 27.095 22.230 30.112
7891501 21.025 18.697 12.171
1883233 2.467 21.198 16.784
6609934 4.054 0.931 16.246
5659078 30.028 31.432 33.138
2485786 28.201 3.895 0.823
9004488 24.382 28.139 13.869
2224812 28.353 13.209 11.670
9677340 17.553 15.672 12.421
6695750 28.266 0.996 25.711
1579893 5.322 19.615 22.900
4983266 9.989 15.324 18.448
7086307 31.543 2.655 30.164
6779907 32.043 20.163 7.849
3121560 3.143 10.459 18.721
9298582 22.891 21.909 6.836
3455248 16.651 27.428 2.472
5139069 30.782 6.017 25.897
7826653 15.224 17.395 10.486
4025423 22.781 15.675 20.860
5643493 27.124 28.530 16.312
7798023 10.114 9.689 28.164
2804297 26.230 13.173 26.032
7405983 15.018 6.676 9.619
3364390 25.796 12.989 31.515
9526551 6.896 5.472 30.876
1810080 15.976 18.214 4.711
9410470 25.104 5.832 21.534
1362845 26.809 19.073 33.171
8837871 10.476 31.062 9.247
3607755 27.494 11.976 33.235
3791783 26.558 6.312 18.831
9993206 27.281 18.972 2.974
4833425 8.919 1.548 24.687
8651015 16.389 23.894 4.470
3319546 12.619 12.075 3.018
8718535 12.279 2.908 10.120
6987614 25.556 25.527 16.493
1063826 29.083 32.141 7.222
8033538 7.655 10.276 19.924
3442269 3.124 19.957 15.622
7790514 15.885 3.153 23.656
9845958 14.087 8.467 22.471
4210289 25.228 6.220 10.090
7738062 25.138 18.774 16.966
9696329 3.621 31.142 10.870
8971514 8.457 24.263 6.737
1761718 0.979 14.158 17.589
1390773 28.157 22.798 26.602
5785735 20.498 16.665 6.238
6682708 15.589 10.386 31.044
6217008 27.906 19.331 18.969
4667681 23.063 5.819 2.574
4092550 13.645 28.792 9.199
7417816 29.354 21.507 0.248
7590938 31.621 10.128 27.383
5379462 28.526 25.053 18.968
6302313 30.835 25.775 2.769
6623723 13.016 7.882 13.601
9422747 29.774 30.559 4.166
8611822 2.408 4.655 19.308
4122665 5.731 5.787 30.184
4387147 21.678 13.715 30.254
6174475 24.219 7.386 16.908
8918808 3.612 30.049 12.686
9978677 23.287 19.939 23.896
8337631 25.549 2.547 10.501
2790239 3.201 30.932 30.788
7315960 29.139 19.745 30.682
4260959 28.348 21.602 6.452
1114128 25.671 9.531 6.375
6416261 13.453 29.141 5.927
2200508 20.067 32.085 25.821
6150213 3.099 4.560 29.267
4917005 11.511 18.794 30.355
4135938 27.286 5.187 32.388
8730440 32.670 3.909 3.027
3741564 15.191 17.371 26.938
7985295 15.840 2.263 29.242
6848093 29.449 25.455 3.891
8143640 14.218 6.983 27.553
2307206 3.569 3.728 13.399
8900977 20.754 10.021 24.026
6605661 26.116 15.346 10.631
8859381 32.375 6.937 8.111
9711288 27.239 9.405 18.736
8868524 17.485 9.126 18.712
8098697 6.870 14.150 11.744
2155546 14.856 11.032 11.174
6521152 2.883 12.976 10.756
6420935 31.556 30.779 15.001
3320549 13.452 5.930 30.545
7370583 17.135 29.444 22.927
7028405 29.233 19.503 23.840
3676663 32.519 6.252 26.084
5037395 25.626 3.809 11.364
6901258 16.248 22.288 17.786
6907229 0.567 18.004 12.348
8028654 29.765 21.645 6.879
8513325 8.920 28.197 31.329
8287449 26.221 13.838 26.733
4882247 25.146 32.719 7.183
3787358 11.793 30.628 27.626
5587965 26.280 8.802 7.646
9065726 14.286 0.489 0.340
8629126 8.819 29.858 12.659
8214865 31.200 18.385 1.355
5761306 10.778 16.919 16.093
8005577 6.163 18.023 10.141
6193977 28.225 12.861 30.149
7700587 29.189 26.536 13.841
1650812 24.558 3.748 11.413
8844287 33.047 26.158 19.328
3834147 0.709 30.799 11.435
5937072 5.212 23.478 14.200
7403133 11.304 15.555 9.122
2821483 3.282 30.153 11.109
4956432 10.541 21.416 23.832
4144186 10.565 25.022 6.643
5722552 23.453 2.432 20.977
7172632 28.706 5.549 13.847
3473090 19.058 21.863 30.728
1758743 18.038 2.149 22.132
6170360 1.269 26.370 9.628
7832971 2.632 8.070 16.723
6082978 12.412 31.451 14.939
3338773 31.359 17.080 16.801
4447512 23.418 12.763 20.722
3653675 15.128 4.467 4.290
8497379 28.117 4.661 23.410
3369735 15.306 15.240 33.152
2490825 27.731 2.185 11.858
2202146 19.686 28.268 21.021
8510044 1.156 29.538 25.308
2228390 9.133 18.606 4.086
2027456 28.184 7.149 7.699
5732875 20.032 8.190 13.322
3745076 1.761 11.103 14.080
5143278 6.459 12.813 30.721
1363704 4.794 4.436 7.288
3421063 11.999 8.327 18.941
6376875 0.347 18.384 7.027
5858015 20.175 7.328 7.380
3435120 12.375 32.626 30.280
6139635 22.663 7.481 14.923
1011543 10.443 26.999 33.004
4169826 12.274 10.522 30.295
5876775 3.496 3.167 4.200
2861670 23.560 11.603 15.102
4538363 8.285 31.920 7.363
6826562 29.243 17.164 15.465
6726275 18.255 18.973 18.551
3201258 9.118 10.011 12.030
5717399 13.725 24.910 16.555
9595088 26.156 27.655 17.034
5361270 16.661 11.695 20.085
6733860 16.106 23.929 5.903
6608900 11.673 31.859 30.507
6267083 24.896 25.675 6.380
9625793 9.427 26.623 13.277
8014743 24.884 29.860 22.308
8605795 29.034 19.921 29.551
5785248 32.326 26.600 8.840
8725669 10.845 24.841 32.097
2714182 8.332 17.359 4.211
2386405 4.203 17.855 20.627
4529307 14.019 0.103 16.863
6672684 15.457 0.583 15.337
1159695 24.338 21.077 21.379
6652594 21.744 26.479 7.279
2440581 12.624 0.131 26.997
9039158 12.859 4.573 2.176
4971325 11.796 17.518 23.325
1340174 4.605 4.987 27.535
2258296 24.039 5.474 14.135
5748894 23.347 27.349 1.844
3210202 3.098 23.445 30.822
6222995 6.177 29.970 29.344
3699479 18.217 3.414 8.420
1259596 28.933 20.548 32.618
5833341 1.862 10.394 16.503
2233389 6.893 16.100 32.905
1180950 2.558 10.578 22.706
8754720 19.059 12.040 32.732
5197372 5.041 21.269 2.923
6785126 17.481 22.120 0.437
4467873 27.152 27.759 7.329
5603277 3.998 11.708 25.361
5746574 19.105 31.210 29.542
9435933 4.771 28.120 21.766
9941310 27.794 21.592 23.339
9118989 11.366 9.108 4.613
9618690 18.452 33.203 14.976
6397358 17.281 29.417 22.161
4728391 25.187 23.342 13.517
6623254 4.337 16.125 33.171
5731623 24.941 2.561 8.281
8759427 14.567 29.526 25.057
6199653 10.494 10.080 6.538
1965700 12.205 3.858 5.775
6531587 6.912 25.647 22.725
7532315 4.015 7.557 10.144
7902244 11.978 9.140 18.484
8992983 0.429 23.806 20.791
7085413 7.352 3.113 24.820
8982460 6.399 16.080 0.771
7437343 22.038 17.382 14.530
2925607 11.015 21.055 14.050
4234484 24.175 3.342 19.670
5976281 23.197 17.307 23.978
9426154 25.302 8.205 4.506
3772726 29.709 7.154 32.597
1278346 31.345 1.985 28.552
3715771 21.787 25.670 13.709
4468018 22.014 15.634 30.616
9585245 4.573 29.506 29.690
8167422 31.238 15.649 28.255
4176688 5.308 12.275 14.829
3529558 16.255 8.457 4.116
6216794 7.859 29.713 14.618
7377799 15.839 16.981 0.217
6423625 31.678 18.156 20.846
3091135 11.856 0.009 11.773
5862016 0.765 2.947 13.626
9838332 4.849 15.724 25.143
2960205 17.907 5.036 31.831
3827908 21.384 9.700 22.248
3015369 30.416 28.379 7.130
8732319 0.309 32.490 5.420
4122212 13.319 16.210 19.553
5719485 5.057 6.538 25.911
1625711 18.405 10.274 19.099
2345112 0.422 11.179 16.287
1504539 3.872 10.505 17.136
1467098 20.487 17.579 12.101
5057705 9.992 29.397 24.728
4158365 21.161 6.688 20.783
8033853 31.301 26.219 11.939
4660861 1.863 12.316 20.504
4074568 24.284 1.014 3.398
6013416 16.984 17.659 15.647
5625146 11.652 31.304 17.408
1472823 23.439 16.006 24.680
5125975 26.653 1.137 22.942
7434129 13.527 15.363 16.930
6129462 14.571 15.420 0.460
4653806 1.283 0.230 25.221
6780472 28.854 6.124 19.415
4905719 25.807 15.337 25.474
1377272 14.090 10.534 10.449
9139117 8.799 25.538 19.185
9617898 26.323 0.629 22.031
4719647 8.169 8.484 19.325
8502628 32.804 0.060 13.378
8334423 7.918 15.437 25.393
8013054 20.138 13.232 15.989
6732016 32.045 13.325 8.938
6415769 5.847 15.391 3.987
6180627 7.002 6.612 13.985
6035117 18.166 25.915 27.380
9751440 18.427 4.137 14.280
2461758 14.206 30.708 20.858
1259010 24.462 1.955 6.145
2137341 22.662 29.006 14.148
7814225 7.830 23.107 5.030
4448058 26.172 4.428 15.313
3910219 8.082 11.831 1.285
7977486 2.316 15.196 22.933
4401072 9.315 1.785 19.321
8990090 29.617 3.301 15.895
8783536 6.397 1.084 28.857
8977132 0.622 2.421 0.651
1567567 14.895 6.519 29.689
4121927 25.403 10.726 27.141
8740272 24.171 24.287 27.675
3606091 12.959 28.898 17.200
9176298 28.031 28.895 18.093
9295870 29.128 27.893 32.515
6372276 0.500 19.007 33.192
1161146 16.685 27.711 2.270
8625404 6.726 4.150 26.647
8337731 19.961 5.473 2.612
2923063 7.182 11.545 23.441
8468723 28.988 29.131 7.899
8101721 29.610 16.820 6.582
7934601 26.721 28.436 10.238
5490588 1.848 4.173 32.237
4569711 5.306 23.295 2.795
6757216 22.532 7.448 0.710
2604622 24.581 21.508 10.883
7209783 29.802 16.954 20.581
8463954 15.280 4.640 16.816
2730391 8.645 22.760 25.392
2891765 25.662 7.050 18.456
4499223 18.705 13.518 1.491
9091407 3.104 23.360 20.915
1973346 30.864 10.827 15.015
1479124 5.628 31.549 23.895
2364676 30.376 24.260 21.301
1026899 23.656 24.562 0.298
5058229 1.946 21.577 9.964
9338572 6.732 15.086 14.170
7270778 16.687 9.670 16.966
6947702 26.575 7.577 22.236
2533641 3.877 30.178 11.999
5364534 1.289 20.615 24.775
8938664 25.511 31.329 24.914
8586892 3.371 1.252 0.982
8103576 3.473 23.881 22.775
8546962 5.052 1.786 5.304
1419310 30.771 22.286 16.270
5800583 7.204 1.233 3.838
8467494 28.047 8.007 12.306
8362924 20.062 28.253 2.285
6777282 3.170 3.791 4.511
5197567 24.111 17.670 15.661
1282321 6.640 18.971 29.723
3761849 24.183 25.565 24.115
2804121 16.853 17.984 7.377
6317978 5.184 21.533 14.192
2016127 23.343 11.459 18.000
8680223 28.490 17.975 31.435
9909454 1.787 11.979 18.151
5550184 18.605 24.030 29.291
3605596 0.788 23.708 14.090
8751178 5.141 18.555 29.588
7406858 29.540 26.161 30.622
3543790 20.641 23.655 26.030
2968184 4.632 11.248 13.168
8333170 12.783 19.338 29.664
6055798 30.584 13.298 30.819
8340409 22.156 18.524 32.287
6471478 1.099 27.080 6.153
3219786 10.080 31.805 28.975
3517765 14.481 27.060 2.981
2407087 26.612 16.197 4.351
8244341 2.518 27.656 17.699
9846990 17.794 21.379 28.790
3518737 8.095 25.617 33.020
1497781 2.437 24.436 16.477
4946320 9.232 9.803 11.488
3457705 28.060 8.438 24.577
4598678 9.565 11.451 1.371
6105738 20.406 21.375 33.085
8743066 29.659 29.856 20.351
3105333 26.787 30.378 9.668
1336142 16.126 6.111 18.674
5454747 30.744 22.706 20.005
6856564 27.933 28.459 11.619
4337160 31.296 23.889 15.005
4625450 18.773 27.428 20.196
1878475 8.506 27.638 17.174
3403777 13.245 30.696 26.896
6293900 12.054 10.079 23.909
9228042 29.946 20.053 13.618
4145001 26.795 7.167 2.806
4118679 24.553 15.099 30.915
8838239 14.973 13.888 32.334
9600964 11.764 24.868 8.858
2418087 0.933 31.035 20.859
5887715 4.122 31.355 11.545